$ 1 0.000005 10.634267539816555 50 5 50 5e-11
a 272 208 400 208 8 3.3 0 1000000 1.5000064999133345 1.5 100000
r 272 192 160 192 0 30000
r 304 144 384 144 0 10000
w 304 144 272 144 0
w 272 144 272 192 0
w 384 144 400 144 0
w 400 144 400 208 0
w 400 208 512 208 0
r 272 224 160 224 0 30000
r 272 224 272 320 0 10000
w 272 320 512 320 0
w 272 320 160 320 0
v -48 224 -48 128 0 0 40 3 0 0 0.5
v -48 320 -48 224 0 0 40 3 0 0 0.5
p 512 208 512 320 3 0 0
p 0 224 0 320 3 0 0
p 0 128 0 224 3 0 0
w 160 320 80 320 0
w 0 128 160 224 0
w 0 224 -48 224 0
w -48 128 0 128 0
w 160 192 0 224 0
w -48 320 0 320 0
w 0 320 80 320 0
g 272 320 272 336 0 0
